195.998
0
220
0
246.942
0
195.998
195.998
0
220
0
246.942
0
195.998
195.998
0
220
0
246.942
0
195.998
195.998
0
220
0
246.942
0
195.998
195.998
0
220
0
246.942
0
195.998
195.998
0
220
0
246.942
0
195.998
195.998
0
220
0
246.942
0
195.998
195.998
0
220
0
246.942
0
195.998
195.998
0
220
0
246.942
0
195.998
195.998
0
220
1761.9
1412.81
1248.76
1046.57
501.952
1379.38
801.619
1761.9
1412.81
1248.76
1046.57
501.952
1379.38
801.619
1761.9
1412.81
1248.76
1046.57
501.952
1379.38
801.619
1761.9
1412.81
1248.76
1046.57
501.952
1379.38
801.619
1761.9
1412.81
1248.76
1046.57
501.952
1379.38
801.619
1761.9
1412.81
1248.76
1046.57
501.952
1379.38
801.619
1761.9
1412.81
1248.76
1046.57
501.952
1379.38
801.619
1761.9
1412.81
1248.76
1046.57
501.952
1379.38
801.619
1761.9
1412.81
1248.76
1046.57
501.952
1379.38
801.619
1761.9
1412.81
1248.76
1046.57
501.952
1379.38
801.619
1761.9
1412.81
1248.76
1046.57
501.952
1379.38
801.619
1761.9
1412.81
1248.76
1046.57
501.952
1379.38
801.619
1761.9
1412.81
1248.76
1046.57
501.952
1379.38
801.619
1761.9
1412.81
1248.76
1046.57
501.952
1379.38
801.619
1761.9
1412.81
1248.76
1046.57
501.952
1379.38
801.619
1761.9
1412.81
1248.76
1046.57
